\textbf{Family} & \textbf{n} & \textbf{1} & \textbf{2} & \textbf{3} & \textbf{4} & \textbf{5} & \textbf{6} & \textbf{7} & \textbf{8}  & \textbf{9} & \textbf{10} & \textbf{11} & \textbf{12}\\
\hline
a0003775\_dll&1&4.7&365.2&1.3&5.9&2.6&3.9&3.5&3.4&3.6&2.5&3.3&7.6\\
acrord32\_dll&2&365.2&70686.5&54.8&255.2&236.3&202.6&296.6&1843.3&300.1&104.1&122.9&6256.9\\
bthserv\_dll&3&1.3&54.8&3.6&1.4&0.9&0.8&0.9&0.6&0.9&0.8&0.3&1.3\\
ccalert\_dll&4&5.9&255.2&1.4&12.3&3.2&4.2&3.6&2.6&3.7&4.3&4.3&6.4\\
cdfview\_dll&5&2.6&236.3&0.9&3.2&11.6&1.6&1.8&2.0&2.9&2.2&1.0&3.2\\
dunzip32\_dll&6&3.9&202.6&0.8&4.2&1.6&5.4&2.6&3.5&2.7&2.3&3.4&7.9\\
hotfix\_exe&7&3.5&296.6&0.9&3.6&1.8&2.6&25.5&1.9&3.7&1.9&3.9&5.1\\
iexplore\_exe&8&3.4&1843.3&0.6&2.6&2.0&3.5&1.9&101.1&10.3&1.8&2.4&80.9\\
mobsync\_exe&9&3.6&300.1&0.9&3.7&2.9&2.7&3.7&10.3&7.8&2.1&3.3&17.5\\
msrdc\_dll&10&2.5&104.1&0.8&4.3&2.2&2.3&1.9&1.8&2.1&5.2&1.4&3.1\\
nvrshu\_dll&11&3.3&122.9&0.3&4.3&1.0&3.4&3.9&2.4&3.3&1.4&29.8&6.4\\
pacman\_exe&12&7.6&6256.9&1.3&6.4&3.2&7.9&5.1&80.9&17.5&3.1&6.4&5.6\\
policytool\_exe&13&2.4&221.6&0.7&2.4&0.9&1.6&1.4&5.9&2.5&1.0&2.1&10.1\\
powerpnt\_exe&14&69.3&7520.6&13.0&55.5&29.7&42.7&35.1&52.3&41.3&17.7&33.7&107.3\\
rtinstaller32\_exe&15&3.9&147.8&1.1&4.7&2.7&4.1&2.8&1.9&3.1&2.7&2.3&4.4\\
safrslv\_dll&16&2.0&89.5&1.0&2.3&1.3&1.3&2.5&1.4&1.4&0.8&2.0&2.6\\
tabulate\_drive\_data\_py&17&0.1&9.1&0.1&0.1&0.2&0.1&0.1&0.3&0.1&0.1&0.2&0.0\\
typeaheadfind\_dll&18&1.1&31.9&0.6&1.6&0.9&0.5&0.4&0.5&0.6&0.8&0.2&0.8\\
udlaunch\_exe&19&3.0&143.1&0.5&3.4&1.3&2.6&3.1&1.5&2.1&2.0&3.3&4.2\\
vsplugin\_dll&20&3.1&164.6&0.7&3.5&1.2&2.1&2.8&3.5&2.2&1.3&3.2&6.1\\
webclnt\_dll&21&3.6&182.5&1.1&3.9&1.9&2.4&2.5&1.9&2.4&1.7&2.2&4.5\\
winprint\_dll&22&0.9&24.0&0.6&1.1&0.5&0.7&0.6&0.5&0.6&0.6&0.4&0.9\\
wmplayer\_exe&23&3.4&754.2&0.5&3.5&2.4&3.5&2.5&44.2&6.8&1.6&3.2&112.5\\
xrxwiadr\_dll&24&11.6&846.6&0.9&12.1&3.1&9.0&4.3&3.7&5.5&3.5&12.9&16.0\\
\hline
\hline
\textbf{Family} & \textbf{n} & \textbf{13} & \textbf{14} & \textbf{15} & \textbf{16} & \textbf{17} & \textbf{18} & \textbf{19} & \textbf{20} & \textbf{21} & \textbf{22} & \textbf{23} & \textbf{24}\\
\hline
a0003775\_dll&1&2.4&69.3&3.9&2.0&0.1&1.1&3.0&3.1&3.6&0.9&3.4&11.6\\
acrord32\_dll&2&221.6&7520.6&147.8&89.5&9.1&31.9&143.1&164.6&182.5&24.0&754.2&846.6\\
bthserv\_dll&3&0.7&13.0&1.1&1.0&0.1&0.6&0.5&0.7&1.1&0.6&0.5&0.9\\
ccalert\_dll&4&2.4&55.5&4.7&2.3&0.1&1.6&3.4&3.5&3.9&1.1&3.5&12.1\\
cdfview\_dll&5&0.9&29.7&2.7&1.3&0.2&0.9&1.3&1.2&1.9&0.5&2.4&3.1\\
dunzip32\_dll&6&1.6&42.7&4.1&1.3&0.1&0.5&2.6&2.1&2.4&0.7&3.5&9.0\\
hotfix\_exe&7&1.4&35.1&2.8&2.5&0.1&0.4&3.1&2.8&2.5&0.6&2.5&4.3\\
iexplore\_exe&8&5.9&52.3&1.9&1.4&0.3&0.5&1.5&3.5&1.9&0.5&44.2&3.7\\
mobsync\_exe&9&2.5&41.3&3.1&1.4&0.1&0.6&2.1&2.2&2.4&0.6&6.8&5.5\\
msrdc\_dll&10&1.0&17.7&2.7&0.8&0.1&0.8&2.0&1.3&1.7&0.6&1.6&3.5\\
nvrshu\_dll&11&2.1&33.7&2.3&2.0&0.2&0.2&3.3&3.2&2.2&0.4&3.2&12.9\\
pacman\_exe&12&10.1&107.3&4.4&2.6&0.0&0.8&4.2&6.1&4.5&0.9&112.5&16.0\\
policytool\_exe&13&2.6&27.7&1.3&1.1&0.4&0.6&1.6&1.6&1.3&0.6&4.3&3.9\\
powerpnt\_exe&14&27.7&1994.7&39.4&18.8&0.3&5.4&38.2&34.4&41.7&5.4&52.4&232.8\\
rtinstaller32\_exe&15&1.3&39.4&14.3&1.2&0.1&0.5&3.4&2.1&2.4&0.7&2.0&6.5\\
safrslv\_dll&16&1.1&18.8&1.2&6.1&0.1&1.0&1.4&1.5&1.5&0.7&1.3&2.8\\
tabulate\_drive\_data\_py&17&0.4&0.3&0.1&0.1&3.3&0.1&-&0.2&0.2&-&0.1&0.4\\
typeaheadfind\_dll&18&0.6&5.4&0.5&1.0&0.1&2.5&0.3&0.6&0.9&0.5&0.2&0.8\\
udlaunch\_exe&19&1.6&38.2&3.4&1.4&-&0.3&13.6&2.3&1.5&0.5&2.4&3.6\\
vsplugin\_dll&20&1.6&34.4&2.1&1.5&0.2&0.6&2.3&3.4&1.8&0.5&3.3&3.4\\
webclnt\_dll&21&1.3&41.7&2.4&1.5&0.2&0.9&1.5&1.8&4.3&0.8&1.9&5.1\\
winprint\_dll&22&0.6&5.4&0.7&0.7&-&0.5&0.5&0.5&0.8&1.1&0.4&0.6\\
wmplayer\_exe&23&4.3&52.4&2.0&1.3&0.1&0.2&2.4&3.3&1.9&0.4&17.6&6.8\\
xrxwiadr\_dll&24&3.9&232.8&6.5&2.8&0.4&0.8&3.6&3.4&5.1&0.6&6.8&15.7\\
