\textbf{Family} & \textbf{n} & \textbf{1} & \textbf{2} & \textbf{3} & \textbf{4} & \textbf{5} & \textbf{6} & \textbf{7} & \textbf{8}  & \textbf{9} & \textbf{10} & \textbf{11} & \textbf{12}\\
\hline
a0003775\_dll&1&0.162&0.039&0.161&0.069&0.071&0.072&0.099&0.114&0.100&0.118&0.130&0.110\\
acrord32\_dll&2&0.039&0.016&0.017&0.018&0.014&0.039&0.038&0.031&0.024&0.016&0.065&0.020\\
bthserv\_dll&3&0.161&0.017&0.316&0.070&0.077&0.120&0.076&0.128&0.090&0.109&0.187&0.076\\
ccalert\_dll&4&0.069&0.018&0.070&0.029&0.031&0.042&0.029&0.048&0.034&0.016&0.055&0.036\\
cdfview\_dll&5&0.071&0.014&0.077&0.031&0.137&0.050&0.050&0.072&0.055&0.035&0.066&0.041\\
dunzip32\_dll&6&0.072&0.039&0.120&0.042&0.050&0.084&0.026&0.050&0.046&0.042&0.060&0.052\\
hotfix\_exe&7&0.099&0.038&0.076&0.029&0.050&0.026&0.041&0.061&0.043&0.048&0.038&0.077\\
iexplore\_exe&8&0.114&0.031&0.128&0.048&0.072&0.050&0.061&0.065&0.066&0.056&0.090&0.083\\
mobsync\_exe&9&0.100&0.024&0.090&0.034&0.055&0.046&0.043&0.066&0.102&0.045&0.061&0.063\\
msrdc\_dll&10&0.118&0.016&0.109&0.016&0.035&0.042&0.048&0.056&0.045&0.030&0.079&0.022\\
nvrshu\_dll&11&0.130&0.065&0.187&0.055&0.066&0.060&0.038&0.090&0.061&0.079&0.012&0.123\\
pacman\_exe&12&0.110&0.020&0.076&0.036&0.041&0.052&0.077&0.083&0.063&0.022&0.123&0.066\\
policytool\_exe&13&0.100&0.046&0.158&0.033&0.056&0.047&0.064&0.117&0.067&0.037&0.268&0.082\\
powerpnt\_exe&14&0.076&0.012&0.082&0.035&0.043&0.038&0.031&0.038&0.038&0.029&0.080&0.034\\
rtinstaller32\_exe&15&0.023&0.014&0.063&0.018&0.037&0.037&0.021&0.045&0.038&0.024&0.050&0.032\\
safrslv\_dll&16&0.111&0.021&0.112&0.024&0.041&0.061&0.039&0.086&0.052&0.050&0.073&0.105\\
tabulate\_drive\_data\_py&17&0.578&0.068&0.753&0.465&0.271&0.509&0.769&0.339&0.404&1.000&0.260&1.000\\
typeaheadfind\_dll&18&0.140&0.017&0.139&0.021&0.040&0.077&0.101&0.231&0.080&0.024&0.436&0.071\\
udlaunch\_exe&19&0.034&0.058&0.113&0.024&0.075&0.024&0.024&0.050&0.050&0.031&0.030&0.082\\
vsplugin\_dll&20&0.093&0.040&0.169&0.041&0.036&0.036&0.041&0.066&0.044&0.045&0.050&0.072\\
webclnt\_dll&21&0.088&0.039&0.090&0.054&0.072&0.063&0.051&0.075&0.060&0.048&0.082&0.072\\
winprint\_dll&22&0.162&0.024&0.232&0.031&0.078&0.053&0.063&0.134&0.091&0.039&0.218&0.093\\
wmplayer\_exe&23&0.087&0.057&0.151&0.060&0.063&0.045&0.054&0.061&0.073&0.062&0.078&0.100\\
xrxwiadr\_dll&24&0.096&0.120&0.097&0.047&0.036&0.042&0.022&0.057&0.037&0.027&0.030&0.068\\
\hline
\hline
\textbf{Family} & \textbf{n} & \textbf{13} & \textbf{14} & \textbf{15} & \textbf{16} & \textbf{17} & \textbf{18} & \textbf{19} & \textbf{20} & \textbf{21} & \textbf{22} & \textbf{23} & \textbf{24}\\
\hline
a0003775\_dll&1&0.100&0.076&0.023&0.111&0.578&0.140&0.034&0.093&0.088&0.162&0.087&0.096\\
acrord32\_dll&2&0.046&0.012&0.014&0.021&0.068&0.017&0.058&0.040&0.039&0.024&0.057&0.120\\
bthserv\_dll&3&0.158&0.082&0.063&0.112&0.753&0.139&0.113&0.169&0.090&0.232&0.151&0.097\\
ccalert\_dll&4&0.033&0.035&0.018&0.024&0.465&0.021&0.024&0.041&0.054&0.031&0.060&0.047\\
cdfview\_dll&5&0.056&0.043&0.037&0.041&0.271&0.040&0.075&0.036&0.072&0.078&0.063&0.036\\
dunzip32\_dll&6&0.047&0.038&0.037&0.061&0.509&0.077&0.024&0.036&0.063&0.053&0.045&0.042\\
hotfix\_exe&7&0.064&0.031&0.021&0.039&0.769&0.101&0.024&0.041&0.051&0.063&0.054&0.022\\
iexplore\_exe&8&0.117&0.038&0.045&0.086&0.339&0.231&0.050&0.066&0.075&0.134&0.061&0.057\\
mobsync\_exe&9&0.067&0.038&0.038&0.052&0.404&0.080&0.050&0.044&0.060&0.091&0.073&0.037\\
msrdc\_dll&10&0.037&0.029&0.024&0.050&1.000&0.024&0.031&0.045&0.048&0.039&0.062&0.027\\
nvrshu\_dll&11&0.268&0.080&0.050&0.073&0.260&0.436&0.030&0.050&0.082&0.218&0.078&0.030\\
pacman\_exe&12&0.082&0.034&0.032&0.105&1.000&0.071&0.082&0.072&0.072&0.093&0.100&0.068\\
policytool\_exe&13&0.131&0.060&0.032&0.093&0.149&0.114&0.038&0.071&0.063&0.110&0.120&0.045\\
powerpnt\_exe&14&0.060&0.032&0.017&0.049&0.392&0.131&0.032&0.048&0.052&0.095&0.054&0.065\\
rtinstaller32\_exe&15&0.032&0.017&0.048&0.036&0.746&0.040&0.032&0.026&0.036&0.033&0.042&0.039\\
safrslv\_dll&16&0.093&0.049&0.036&0.204&1.000&0.063&0.047&0.048&0.047&0.113&0.085&0.050\\
tabulate\_drive\_data\_py&17&0.149&0.392&0.746&1.000&0.050&0.688&-&0.376&0.702&-&0.410&0.201\\
typeaheadfind\_dll&18&0.114&0.131&0.040&0.063&0.688&0.057&0.104&0.113&0.055&0.222&0.409&0.051\\
udlaunch\_exe&19&0.038&0.032&0.032&0.047&-&0.104&0.176&0.026&0.046&0.076&0.062&0.016\\
vsplugin\_dll&20&0.071&0.048&0.026&0.048&0.376&0.113&0.026&0.050&0.069&0.083&0.064&0.026\\
webclnt\_dll&21&0.063&0.052&0.036&0.047&0.702&0.055&0.046&0.069&0.089&0.068&0.070&0.046\\
winprint\_dll&22&0.110&0.095&0.033&0.113&-&0.222&0.076&0.083&0.068&0.244&0.179&0.067\\
wmplayer\_exe&23&0.120&0.054&0.042&0.085&0.410&0.409&0.062&0.064&0.070&0.179&0.099&0.055\\
xrxwiadr\_dll&24&0.045&0.065&0.039&0.050&0.201&0.051&0.016&0.026&0.046&0.067&0.055&0.019\\
